0.000000000000000000e+00 1.042015020179370456e-02 5.848175206205093180e-02 1.144669471152347379e-01 9.642269138287082320e-02 -5.048406023621232475e-02 4.471863015164006389e-02 3.193372045256490099e-02 -4.805154012152900583e-02 2.272077052076674694e-02 -1.259328464531008808e-02 8.513889605069116517e-02 4.645375613774669482e-02 -1.492873725513891615e-02 1.324191205979708373e-02 3.093134933478938753e-02 8.241422879103052490e-02 -1.789550155283407135e-02 3.228043515549643659e-03 -3.552912647587114919e-02
-1.362187454496331107e-01 0.000000000000000000e+00 5.193760003256916308e-02 -9.785277752615133273e-02 1.026739429322166275e-01 -4.863628739903540221e-02 -1.205670869004852631e-02 -1.170115382144755987e-02 5.957437333345400043e-02 8.023858406022600642e-02 -2.641486284376887150e-02 2.739186094779145347e-02 -6.458562836188785905e-02 -1.120445588943427134e-01 -3.309475522220134414e-02 1.295002224518500798e-02 3.605264814917880783e-02 8.827333688943860002e-02 2.718221443473183788e-03 -1.068206766688046747e-02
-4.185004581107728411e-02 -7.778280039558602144e-02 0.000000000000000000e+00 9.735409759124256934e-02 -1.795648020043019710e-02 -5.591326349486804709e-03 -8.011358403902391068e-02 4.920529559697558314e-02 -1.050018533529524928e-01 -2.264323500652456675e-02 -5.412658256331377704e-02 2.673113470686504581e-02 -3.465481678230723783e-02 -5.435255960946220460e-02 1.481613775907022514e-02 6.215623403941668290e-03 -1.228785744962853158e-02 6.677069996388505443e-03 -3.924983370235141794e-02 -2.461066421275604627e-02
-3.031821200834669550e-02 -9.849487140048147210e-03 -4.152707355007476120e-02 0.000000000000000000e+00 2.659714890450006267e-02 -1.894179753445376577e-02 -6.727701735712332543e-02 1.919515269458539272e-02 -5.066995107588803671e-02 -9.406147455379662917e-03 3.242375425549843398e-02 1.274094808360424873e-02 5.343639224295312906e-02 -5.211265863990728608e-02 3.940027758293272730e-02 -3.681429562230741082e-02 -4.744207274493493498e-02 -2.860259901564336099e-02 -7.719168985631735293e-03 -1.636223962220757517e-03
-5.371087360686429418e-02 1.967580829539397960e-02 -4.995496385947804409e-03 -9.912322730211285682e-02 0.000000000000000000e+00 8.316167421398636128e-02 5.159967259620460572e-02 -7.532954210262904869e-03 -2.502535817026241630e-02 6.740073725229615842e-02 -3.123814955230297744e-02 4.378590128070173476e-02 -1.955850515521922756e-03 5.064565022051762538e-02 4.066779357580805969e-04 4.282396819519559972e-02 1.429078198537994150e-02 9.383805804793508842e-02 1.422740148285286076e-02 4.755876145735176558e-02
1.001052587201219785e-01 -6.831489078629583711e-02 -7.543556042676383133e-02 4.990151601866369552e-02 -9.056280261159714573e-02 0.000000000000000000e+00 -4.065385167305854419e-02 -7.773416966077266455e-02 1.182547424326947649e-01 7.650809370241562490e-02 1.284757043657203668e-01 2.619061858316405755e-02 -7.567837461210882855e-03 8.905952776034310736e-02 -4.486784139874500088e-02 3.634851775638655441e-02 6.731558290334720140e-02 -2.773448475949615022e-02 7.047913640117717260e-02 8.565503777808715358e-02
1.958653378323588906e-02 -6.216276077347803602e-02 2.038649368760341030e-02 8.723960423088189531e-02 -3.513212685680032477e-02 9.190185575352090644e-03 0.000000000000000000e+00 1.068809701748922592e-01 4.900447341424726648e-03 1.126194266056265020e-02 -4.153572742044069760e-02 4.565889807461264577e-02 -4.269606030334068686e-02 2.491170020047435082e-03 -3.968735033272940277e-02 3.239011959542639069e-02 3.850975816987565331e-02 -4.220282294228940023e-02 7.531833883289538664e-03 -5.886308338817255320e-02
-8.317611775213153147e-02 5.289602710842591406e-03 -6.379520880569968140e-03 9.855703402127094157e-03 1.013475383847781686e-01 7.360204720352575558e-02 -3.889545177102175788e-02 0.000000000000000000e+00 -7.487803049308129621e-02 5.609778373242813553e-04 -6.423620117058399977e-03 9.875574585124566318e-02 -5.934493847342187794e-02 -1.662029093936439467e-02 -1.790861495217986946e-02 -2.641342802402739734e-02 6.997877197867849453e-02 -3.626524504651672254e-02 -4.651549322899281580e-02 -5.441968902384212645e-03
-3.365090386075501178e-02 9.000156308367515678e-02 5.236277042452351649e-02 -1.692805391692390896e-03 -5.807836232081695776e-02 8.122332803554356204e-03 -5.579084138254035430e-02 -9.981942284644998442e-02 0.000000000000000000e+00 1.022021977863844279e-02 5.087513131295993973e-02 2.031913979259261649e-02 1.774651159673986539e-02 -4.156837859169083133e-02 -4.782562431680770221e-02 3.290580451196917916e-02 -4.197849098533470297e-02 -3.311707199796901091e-02 -5.065056185384738015e-03 -4.900035811758738855e-03
-9.138598320861647528e-03 -5.579280275211237483e-02 -4.071244447829325958e-02 -1.584205981629582261e-01 3.971596398019158758e-02 -7.528715831521445856e-02 -4.776451424458172390e-02 -3.760469852761312418e-04 -4.395620082524937661e-02 0.000000000000000000e+00 -9.012474697242481292e-02 -5.179878598146251886e-03 8.747123399518691011e-04 -6.763300612881327500e-02 3.299352203113958826e-02 -6.608571783609968296e-03 4.272995158553662826e-02 5.014366278862742582e-02 1.274513971009450519e-01 8.419182356519870625e-02
-2.374971288346641035e-02 -1.474031552891133870e-02 7.199977658644834966e-02 3.029906116458308193e-02 2.720914221303354780e-02 -8.124678755069174307e-02 4.236040694214719508e-03 -2.866929922013338253e-02 -1.617742633649424042e-02 -3.413231551283620741e-02 0.000000000000000000e+00 3.627074157536814853e-03 4.267117914834737957e-02 -3.406656725628335464e-02 -3.877661946258949971e-02 -1.945890348677482493e-02 -1.580205363131234955e-02 4.013155781946171029e-03 1.045277791415330781e-01 -6.569756011782563153e-03
-5.427012534777979347e-02 -2.430059464496884744e-02 -3.522039366466402088e-02 1.621745314659618631e-02 -9.390865690255731368e-02 2.173379266525675250e-03 -2.413481067624151377e-03 1.322586013362601030e-02 -2.767638506596888787e-02 -2.315144653278650849e-02 -5.344546515196622188e-02 0.000000000000000000e+00 -5.254668207299495464e-02 2.080189839979213959e-02 -7.428204346166102090e-02 2.963252421438312273e-02 9.095393195520995455e-02 -1.187141889396628874e-01 1.743590327369271345e-02 4.068128039958678749e-02
-5.390799175805181809e-02 -1.376890795944533128e-03 -4.125709171558564203e-03 1.073686415420339532e-03 4.592498630650103733e-03 -7.393843778088350638e-02 6.096556981540979941e-02 6.797261556313169417e-02 -4.432272614495842006e-02 -8.161877415189772167e-02 1.454966765622605837e-02 -1.164217214213639912e-02 0.000000000000000000e+00 -2.089602805531391369e-02 4.288041516657430802e-02 2.821531867049175551e-02 -4.112904621488707585e-02 -6.448000905480186229e-02 -9.173453388152573440e-02 -2.932236137413062223e-03
-5.801260570006105260e-02 -3.561922349502576884e-02 -5.845217843832537646e-02 -2.564848042330736613e-02 -1.027362718934497765e-01 -2.983803458551990972e-02 2.813996137340341389e-02 5.009328220932793285e-03 9.805272305566097024e-03 -8.882588124875603203e-03 4.937405547661816857e-02 -1.725727077448892532e-01 1.025782646498501482e-01 0.000000000000000000e+00 -2.827601840067419867e-02 -4.957580032077479881e-02 -5.437576128250927628e-03 1.581633271733167562e-02 -1.087664322716767606e-01 1.014230919175709011e-01
-3.381312389487736714e-02 7.178423498337442588e-02 -4.947474122252357859e-02 3.674064298456877070e-02 4.611949092634008707e-02 1.155897807033987382e-02 -7.090346760883509125e-02 5.012283942767000594e-02 3.693910296651459896e-02 6.791446345112521488e-02 -2.450248720850444623e-02 -3.903987859217645639e-03 1.104471402552720527e-01 -8.289445752910976073e-02 0.000000000000000000e+00 6.020630554991124317e-02 -5.587847112352964558e-03 3.128748845576483778e-02 -2.352538725670341030e-02 2.800803023874342754e-02
-8.419763748300281014e-02 1.074234929532327659e-01 3.129926883854093969e-03 -7.226592897945979810e-02 2.904588795664083192e-02 -1.581428113927589238e-02 -7.275499909515947827e-02 -1.007117533873378712e-01 5.358919217082274561e-02 3.952660251099548473e-03 -1.496129475930148799e-02 5.579902567393937168e-02 -7.956597693240781421e-02 -4.138348391055662878e-02 -3.135528983126667502e-02 0.000000000000000000e+00 -4.558507315640153608e-03 2.851398494079562633e-03 1.148657385020209441e-02 -2.676427242065057555e-03
-3.526807206435604580e-02 -4.565303467070306459e-02 7.304642881193559173e-03 -6.611436671703116441e-02 -3.205993123948693013e-02 -3.259965536732339214e-02 -1.115976003398895869e-02 8.738313355176695330e-02 -3.755820125013480809e-02 1.768917173133831983e-02 3.324195470123986890e-02 -4.047294693438575203e-02 -1.494348741732524520e-03 -6.112122611908508973e-02 -1.205360430999400101e-01 2.011933355401415800e-03 0.000000000000000000e+00 2.267421497598457944e-02 -1.171441122053610250e-02 6.289736878578747192e-02
7.318548148993266056e-02 -8.232860562062420742e-03 -3.220874879423236276e-02 -6.253368461490350916e-02 -1.364798538353903089e-03 -2.186380901679006727e-02 1.137445779013979358e-03 -1.004377424963047091e-02 3.944872817862628972e-02 5.538218354945956441e-03 -3.871622439801066656e-02 -6.412633739112393039e-02 6.845703349935387816e-02 -2.528876345809214637e-02 -2.482731982151204289e-03 -3.130089341281854648e-02 -1.064160622829523756e-01 0.000000000000000000e+00 -2.547289723419655580e-02 1.105858696056147110e-02
1.986327976462484018e-02 5.811709311547109263e-03 5.068543470589800121e-02 3.482217738732823475e-02 6.717284678859469955e-03 -4.070276520685996331e-03 -1.061269801810562491e-02 -1.875779120328369479e-02 -1.435089087605605392e-02 -5.996988298235102904e-02 3.109552932168523770e-02 -4.113919179877260218e-02 3.763648044142166305e-02 -2.163128451749091186e-02 3.618696072264447703e-03 2.845136135377659276e-02 3.531057302512068813e-02 -7.411910578193688093e-02 0.000000000000000000e+00 3.508792337545311307e-02
-7.576627074972575038e-02 5.012207432339437635e-02 -9.847630672548045305e-02 -1.073350120521970319e-01 -8.388320463234574071e-04 -8.817093203294848469e-02 -4.182608024080165104e-02 -1.023374538072829437e-01 1.078911235585549716e-01 -1.322049555916425686e-04 3.056580587933931115e-02 -3.769280185451261145e-02 -9.032143043990069689e-03 -9.739182787221577209e-02 -2.673083335917245465e-02 -4.270697402778610846e-02 1.602379277796027457e-02 7.040437781773324633e-02 1.014730006765885151e-01 0.000000000000000000e+00
