0.000000000000000000e+00 8.794659406835104998e-02 2.904971469542575943e-02 -1.502026107478262318e-01 2.423641584929034712e-02 6.097220929274827644e-02 -1.531197689558028499e-02 1.995503270474922181e-02 1.230256249629212498e-02 -8.107774669879018459e-02 -1.209813166184816810e-02 3.267625199832898536e-02 1.153264515029433918e-01 5.196685883699622005e-02 3.238718453441566652e-03 -6.333953361760445711e-02 -6.010437813714506611e-02 -1.389901629496878566e-01 1.310773255532507731e-01 -1.003008119577748491e-01
-9.509234411953798594e-02 0.000000000000000000e+00 8.859102121371001393e-02 1.023999257723074742e-02 -6.512827800467861639e-02 1.054911872456919947e-02 1.565575284052840924e-02 -2.869069918581510295e-02 -3.521920298015622508e-02 -4.665773486200315567e-02 8.540809633551438296e-02 1.980612757938687019e-01 -5.744447713112880299e-02 -5.325268248119135323e-02 2.456974290231790300e-02 -1.620756762506825877e-01 -5.186426790646514462e-02 -2.748025406528953676e-02 4.798232339017022285e-02 -4.899238753179539080e-02
-9.456723090290172773e-02 1.046564999143847485e-01 0.000000000000000000e+00 -8.586727275182506891e-02 -3.521273937917208247e-02 7.975374264002159375e-02 -4.116097695271916240e-02 7.066935639978504102e-02 -1.244195614049119769e-01 -3.593685093879393083e-02 1.683831424683454592e-01 3.718866265416599648e-02 1.120748149490313483e-01 8.422328793025170290e-02 9.409111504338858734e-02 -1.255322857502386424e-01 8.597146474938795191e-02 -1.671997246702965345e-01 1.611019446612843228e-02 -1.387697513084164280e-01
1.154416592589310731e-01 1.153773829087349767e-01 -1.640063739524796199e-02 0.000000000000000000e+00 -9.991115292505833856e-02 -2.445382551234506763e-02 -5.445971442874256857e-02 -4.216820951820960534e-02 4.267112658139395054e-02 1.417094097861303359e-01 -5.124732209297723495e-02 2.216995669482099696e-02 -1.837846794403700731e-02 1.422746823163613950e-01 5.117178550044215041e-02 -9.422556034182787144e-03 8.081795046787466907e-02 -2.931869119843353091e-02 -6.296834266307710370e-02 5.859570054524058241e-02
-7.853057059285756258e-02 -1.607766053254224697e-02 1.886573721305139645e-02 -1.869825820210157044e-02 0.000000000000000000e+00 1.541748823631574651e-02 1.757493710077487337e-02 -6.898556059814295316e-02 -2.456013547461596280e-01 -8.038402376510890568e-02 -5.034112506817244037e-02 -2.591352701954507606e-02 -8.523153820682861925e-02 2.773254362513822083e-02 -4.527102050640716829e-02 4.181203255581503880e-02 1.119675329840504469e-01 -5.131523015706571794e-02 -8.008214828885887315e-02 1.165511407474591060e-01
8.759972337122311214e-02 -9.503095998651013565e-02 -2.857250866261225666e-02 4.025283024872450266e-02 4.824872470742585379e-02 0.000000000000000000e+00 -6.692951260163632066e-02 -5.019288294780512028e-02 8.468006969413592946e-03 2.367571293554607270e-02 -7.406865450808328144e-02 -6.765701480433394810e-02 -3.914735256384604956e-02 9.575699150852308439e-02 -5.842334375565254312e-02 6.018388268427196652e-02 9.644807024077040047e-02 6.782135377207377212e-03 -7.980832798990303290e-02 1.048640306096833841e-01
-7.199785523047862179e-02 -1.608081399632686759e-02 -1.905485968922283196e-02 -8.532264138144608767e-02 8.484999415312764748e-02 1.017952294867615765e-01 0.000000000000000000e+00 -4.382557132605674304e-03 -3.995757213843907640e-02 -6.949027002996789604e-02 1.032409577676515755e-02 1.288329923734735372e-01 5.412185271059691272e-02 -5.872237427326991444e-02 5.186525861177157526e-02 -2.135639611676196439e-02 -7.533478659967290936e-02 5.907664738003060023e-02 -2.094850525354175624e-02 -8.665443045409459977e-02
-4.708319662408570055e-02 -3.281921491368554322e-02 -3.712812631253466222e-02 1.089198025495015515e-01 -6.629291980302616516e-02 2.239690460574163614e-02 -2.822862410585820145e-02 0.000000000000000000e+00 7.242278156745222961e-02 7.566765714259891806e-02 -7.890454282788492146e-02 7.800697043630434868e-02 -1.288054221270067690e-01 -1.086572027507259550e-02 4.318310092045984927e-02 4.847443771168402638e-02 -2.253520517349552263e-02 2.432315182670199624e-02 -5.734769959723099580e-02 8.006624000602884095e-02
-1.051817787064584647e-01 -2.627251418708339420e-02 -2.833973834326311558e-02 -9.256879067788091608e-02 1.912398973124173063e-01 5.051922417333444201e-03 -7.308251928072213854e-02 5.463411913328881930e-02 0.000000000000000000e+00 -2.437590745889536489e-02 2.532367036979162739e-02 -4.442146556318786466e-02 -9.876072325059655210e-02 -7.931603570598419473e-02 -3.798389262562153201e-02 -7.420017669009353056e-02 -6.031419665680017028e-02 4.220399998453459867e-02 4.596692033018742046e-02 1.301938934439229034e-01
1.659851531135069502e-01 7.676464258350923497e-02 1.084422637831357512e-02 -4.465884996551150454e-02 -1.322292995854812969e-01 -1.262953020563153950e-01 -4.582810880248409935e-02 2.923000841493266985e-02 9.652235060488678631e-02 0.000000000000000000e+00 -3.811504588900242047e-02 -1.267615783808051511e-01 4.846748664833615966e-02 3.087379464477576010e-02 5.203416944556864352e-04 -1.278514110601933762e-01 6.051393170434542224e-02 6.727322890381685905e-02 5.366871260824297024e-02 -6.648421257952955021e-02
-1.242261826954108375e-02 2.832983244615336349e-02 -4.509168521770543468e-03 7.594011899248286068e-02 7.170322501704549933e-02 1.454378316659712955e-01 1.302549053251770596e-02 -1.606682291945340634e-03 2.591923973140649110e-02 -3.496738269775827301e-02 0.000000000000000000e+00 1.286182517434183159e-01 -1.362343625136972457e-02 1.846135674868472354e-01 1.011468579394501389e-02 1.715802293161511989e-03 1.101452212416018372e-01 -3.983602401691205969e-02 1.195606191195176284e-02 -2.032953992068549723e-02
3.143473067462335124e-02 -6.301110850168197518e-03 -2.573490867244472222e-02 1.380141057859840259e-01 4.356347481092733009e-02 1.775583657653232172e-01 -2.101256062271838199e-01 -8.800497354428997443e-03 8.070039295199731011e-02 4.793582712820899927e-02 1.049456730762932527e-01 0.000000000000000000e+00 -4.761327025023757986e-02 7.948133174436219917e-02 1.728528224581064310e-01 -9.467057104902169493e-03 8.372501413245439505e-02 -6.562944315254312655e-02 2.272413198463195741e-02 3.587151479736678562e-03
-8.703865488209194812e-02 2.164711819902429002e-01 7.294935811057132180e-02 2.516323692735525711e-02 7.380427596513053357e-02 1.243876716494413809e-01 9.160149201342249192e-02 1.339163489344517011e-01 5.597078036860885647e-02 -2.045433031349843875e-02 1.230101162263898401e-01 -6.199572711807475184e-02 0.000000000000000000e+00 5.439590357175340743e-03 -1.006449218740879253e-01 -4.835235515981625015e-02 -3.007297404279868358e-02 -1.734603266560997420e-02 1.773569995207218419e-01 6.230503360810570046e-02
-5.481575577034191946e-03 1.555962386327567337e-01 2.010447293313108799e-02 7.659375529548514971e-02 2.740878245345001324e-02 1.578670187759691756e-01 -6.713566897477520057e-02 1.042738291669268319e-01 2.257381407603250081e-02 -5.696381567692704317e-02 1.118930946143693456e-01 -5.349400012324431047e-02 7.860454702612129640e-02 0.000000000000000000e+00 -1.094570646290437752e-02 -3.200844089484271987e-02 9.213255678928401748e-02 -1.641684591273990523e-01 4.444408559363218630e-02 1.507776686394827342e-02
3.141526786015386846e-02 -9.204829445120635322e-04 3.463734268773170644e-02 -1.171655663202643555e-01 1.304813244229303115e-01 1.445027011173622700e-01 8.153764972915871975e-03 -1.924270951751535022e-02 -1.068781173012830696e-02 3.644174136707610534e-02 1.179647705796543211e-01 -8.639932905544606134e-02 -6.326113076488841525e-02 -5.231462415702668733e-02 0.000000000000000000e+00 -1.375413374461372518e-01 9.404468544213136216e-02 -3.161715067256580525e-02 9.615723911572092442e-02 9.286248177562440864e-02
1.564402409243268290e-03 -3.139283362558567547e-02 -5.270509030809811951e-02 1.122789009735166849e-01 -1.187363480138370203e-01 -9.930542825260706141e-02 -1.619875829086888860e-02 6.154331596294848605e-02 1.403695186210430872e-02 1.629641331941135696e-01 8.145811762177207829e-03 1.833337534058925369e-02 -2.994652661563542220e-02 1.041476915439994329e-02 1.536453199019680027e-02 0.000000000000000000e+00 4.340438547784797318e-02 -9.794889256025006430e-02 -1.747695824616648727e-02 -1.259295257214201325e-01
1.417456489369078865e-01 1.465207634054015162e-01 9.957276871742304358e-02 6.199486417971242398e-03 -9.897259760001035633e-02 -1.103528839430998609e-01 6.592424885524793840e-04 1.084427806499906333e-01 4.681027327717164621e-02 9.671536622416239751e-03 9.171846774595086849e-02 -7.271691742932498426e-02 1.137316997526069684e-01 1.682828789959319449e-01 -3.695875798912911375e-02 -2.021510958586782702e-01 0.000000000000000000e+00 -7.300563823719381784e-02 8.914450987645815283e-02 -1.081606269064681741e-01
-6.646959556254231072e-03 -1.321410616676170768e-01 3.362336941410874053e-02 5.878288739016260950e-02 1.140223826791240541e-01 -6.944681143010997260e-02 -2.774858938476679020e-03 -2.158080362458039136e-01 -4.646014731226168204e-02 -1.290454182286238094e-02 -6.658548058389142377e-02 -3.300690763137619638e-02 4.298777717127755249e-02 5.686016127706881862e-02 3.425665691564658971e-02 6.495607044310280909e-02 -9.420778401634234689e-02 0.000000000000000000e+00 -5.296758139741113841e-02 2.958708214094128014e-02
-3.254111089143270352e-02 1.041103406668592857e-01 -1.157578025074509909e-02 -3.940603773861064280e-02 1.057560498124074100e-01 2.066029656729536160e-02 6.783510000809045426e-02 -5.651283624344086848e-02 9.737661707662288724e-02 -4.097392015878235233e-02 1.022522501873273648e-01 2.149227675243325919e-02 9.716253860717821711e-02 -1.029305848565916642e-01 5.836855681066659834e-03 -8.062771013265238040e-02 -5.116975412508389248e-02 9.917577770195075415e-02 0.000000000000000000e+00 -5.964705208808348397e-02
-4.040049506808343974e-03 -5.137467855383224397e-02 -1.483173766486139133e-01 6.463505890149205679e-02 -1.458264292815267815e-01 -1.832304761827630024e-01 -1.559654929753439764e-02 -7.947731523547461874e-03 -3.208384130187424965e-03 1.829427498761252574e-02 -4.125713167304385920e-02 4.527258002011333091e-03 -1.950513653820451221e-01 -3.145883918882132896e-02 1.400714636773180144e-02 8.054566864555082195e-02 1.122691074985824045e-01 8.116885475858338916e-02 -3.786691697427288505e-02 0.000000000000000000e+00
