1.237495845854885701e+01
1.765125270664530177e+01
1.208430684915240683e+01
9.433789650515722158e+00
9.119825017511425713e+00
1.090312167312032088e+01
1.870734500199898065e+01
1.961444096026148287e+01
1.622574566673754504e+01
1.981265109852582285e+01
1.643357599143881842e+01
9.263602721107110582e+00
1.152623062480262206e+01
1.584723740106625911e+01
1.564010027707881356e+01
1.517187574810191286e+01
1.231832154285295644e+01
7.146981928927398364e+00
1.939457858931272227e+01
8.301848627947141068e+00
