0.000000000000000000e+00 -6.984787854750873493e-02 -8.304048008638757750e-02 -4.307031596855848826e-02 6.297878412650270707e-02 -2.178479380274504773e-01 8.035564682505078049e-02 -5.030081356281786154e-02 -2.406703794327906890e-02 4.384489445770314159e-02 1.322598864996828993e-01 -1.617170063526748858e-01 -5.017157377563331855e-02 -6.580273073416303964e-02 7.036566640425523378e-02 -6.706658694561128987e-03 1.810269053289845567e-02 -4.782751792614790831e-02 1.090537437023430048e-02 2.430159304862266473e-02
-7.803675184119379660e-02 0.000000000000000000e+00 1.821044162626743110e-02 5.167029708706783603e-02 7.267254168098447042e-02 -3.829525533394544101e-02 -1.041293671021988228e-02 -8.531304943310534517e-02 -3.893509402407802251e-03 2.732152073759708949e-02 -5.922418717493122681e-02 6.047947353351412932e-03 -5.840774153869329050e-02 -7.728230655079225409e-02 -3.782520117424599537e-02 2.962023800027427725e-02 -7.100980206681214990e-02 4.242314880807115246e-02 1.288313900498238018e-01 8.419878545743667009e-02
-2.536967562325616668e-02 -5.340805721377542281e-02 0.000000000000000000e+00 1.472059796125440023e-01 2.925035508943520449e-02 -4.336782757765476892e-02 1.844170230704869629e-02 1.915624430379651300e-01 3.523087335049530922e-02 3.970179100110715620e-02 1.710588299740522372e-02 -4.666163054515073960e-02 -5.226142336100879360e-02 2.539472169672478061e-02 7.174067004800881164e-03 1.999187591159133637e-02 5.408059366897273457e-02 7.544204344392044237e-02 3.677371414360644454e-04 3.448374012159398372e-02
-8.783538500515589154e-02 7.432027132723040275e-02 7.779144081576869207e-02 0.000000000000000000e+00 6.078836889478460986e-02 2.903407957209291901e-02 1.063850528903638459e-01 1.394295008223852550e-01 1.567094478569724392e-01 -1.399983047906150913e-01 -1.623735725466451951e-01 -1.183352190980096683e-02 -1.414126314239017371e-02 9.250759127106426838e-02 -2.969714300727873540e-02 -1.392518924503487188e-01 -4.362394590194948463e-02 7.887644946163883952e-02 3.746735268610406483e-02 6.012137301181674082e-02
-2.779225295529185250e-02 1.085259220285221017e-02 6.614746114388792182e-03 5.458415030494789821e-02 0.000000000000000000e+00 -2.219109470087057834e-02 -5.835863130350518041e-02 3.615766249646720082e-02 1.049643541503963648e-02 8.097774651845221494e-02 7.702399224288261625e-02 7.623969315028955585e-03 7.627785613538049132e-03 -2.535216323949973302e-02 6.470842228894624695e-03 2.264577962369898438e-03 -3.123789907085122025e-02 2.897002748380900217e-02 -2.549486280528890161e-02 5.853026311866303677e-02
-5.540148419836045390e-02 1.009337312042347945e-01 4.109130492587900058e-02 4.560174514672477725e-02 -7.476694553558763112e-02 0.000000000000000000e+00 8.346254797771963940e-02 -7.073363495414733415e-02 -2.172609039290437569e-02 -7.116907420553699945e-03 -1.682148256741474168e-01 3.646735246351380522e-02 8.376140040006731236e-03 -6.028406887240263939e-02 2.751343447784306701e-02 -1.020773211823748500e-01 -1.126796234257555415e-03 -1.153827966209043793e-01 9.792478327188361420e-02 6.115305068607466976e-02
-4.134120475044543441e-02 -2.821087347278236623e-02 1.016986108321402127e-01 1.925752940271865943e-01 -1.194855938248918920e-01 8.159642607384824664e-02 0.000000000000000000e+00 7.080012769687903107e-02 -7.152261022356018461e-02 6.818563575623338979e-02 -6.939019256784695333e-02 -5.708516700118831944e-02 -9.653427160447661248e-02 4.774476050887102585e-02 6.440168293784499787e-02 -8.309192283433672332e-02 2.687014013855984138e-02 -6.787191123600939957e-02 7.012772367480057945e-02 4.078370910500932200e-02
-7.111729354426202243e-02 -4.125116117565878066e-02 7.195239851619079918e-02 6.685619809703846617e-02 4.572870533086163813e-02 9.111065520385371735e-03 3.167537248439074998e-02 0.000000000000000000e+00 6.670764923611549602e-02 2.626468382920547559e-02 -1.428791672909710507e-02 -1.520869818309411592e-01 8.900470178434782831e-02 1.533818299064824975e-01 3.473052974205987492e-02 -3.170321415660386222e-02 3.998197232922271610e-02 3.051347661791927943e-02 2.316461161675640104e-02 -6.871236539949612809e-02
-1.595876163734324601e-02 -1.071797499584456470e-01 4.489407550346435211e-02 -5.619959880237412886e-02 -1.641989315228162315e-03 6.644152444459519580e-02 6.713355337903957609e-02 3.649015412863966523e-02 0.000000000000000000e+00 -1.320644972753504953e-01 -5.704284596826157683e-02 6.412098364047646992e-02 1.439958012861633496e-01 1.440017300903990646e-02 3.931815549154622086e-02 -3.091929087959221362e-02 1.405958540705239401e-01 -6.538248216768524634e-02 -1.394804735520137513e-02 -7.308706910226525633e-02
-1.342317118368803464e-01 4.431771331911252970e-02 5.813571191681279893e-02 1.176655413702436120e-01 -2.360462243109099148e-02 -2.700417383771184197e-03 3.392398072077387750e-02 4.094095626851518982e-02 4.488363639399168409e-02 0.000000000000000000e+00 2.768134745418598941e-02 6.464072582394421451e-02 1.343645109502271673e-01 1.490498521489753425e-01 -1.491785738342642220e-02 -1.461495580153416851e-01 4.558196921855994094e-02 6.743336444707570543e-02 6.736924981154479575e-02 9.341302963665655545e-02
-5.789783659452883702e-02 7.899357052091889042e-02 -8.995525350840101464e-02 8.573778110871539682e-02 -5.604692928517160389e-02 -1.350724905683712840e-01 -1.096822248295607344e-01 -8.866463646538165488e-02 -3.784156861084921573e-03 1.082287587156971487e-01 0.000000000000000000e+00 -7.163909303601820322e-02 9.987298219887232043e-02 -2.997742205715088135e-02 -4.882279633371632704e-02 5.547016846039287685e-02 8.994098668024504140e-02 -2.044639206170149968e-03 1.042474944591409852e-01 -9.490734244997071911e-03
1.087321404823679977e-01 4.065411371728010204e-02 1.238589840135477516e-01 1.410869746736393218e-02 -8.439003624843885443e-02 1.167674727734994977e-01 6.230278409304493628e-03 -3.446945800831865102e-03 -4.972394740374446592e-02 -4.060664629326313224e-02 -2.228076843395587758e-02 0.000000000000000000e+00 1.524537849844951297e-02 1.316133955071492612e-01 -8.917302150038432240e-02 -1.078001321546514651e-01 -1.486246300281334753e-01 -9.344585525732036768e-03 -4.786730281377461066e-02 1.263895623365073884e-01
-3.731500543066381542e-02 -6.408780934929862727e-02 3.198710684193487724e-02 -1.151867128703679272e-01 -7.768016580382884617e-02 1.016881466940716405e-01 3.851839203036629133e-02 -1.577764845460680188e-02 9.472108550845234620e-02 -9.502010663333697316e-02 -2.995874541169078059e-02 3.892073043551830952e-02 0.000000000000000000e+00 1.207095085351188590e-01 1.529398083195475030e-02 -8.023150681360982639e-02 1.597273982068200815e-01 -1.118312941362004445e-02 -1.200101445420398948e-02 -7.752599078958963275e-02
4.108180991155014478e-02 -7.252897428300035532e-02 4.738974045802428481e-02 -2.126323601540081043e-02 -3.498730566164246630e-02 9.076223678875561252e-02 2.669619132690673538e-02 -6.736927693431590987e-04 1.282037609852067217e-02 -8.580556919250958980e-02 3.350877704984261962e-02 1.163195672905703443e-01 5.358666452400540070e-02 0.000000000000000000e+00 -1.209211957388491160e-01 -6.406175623459928192e-02 -1.238522054267954531e-01 8.861465191314629730e-02 6.262036864546786930e-03 1.213005698316457909e-01
-6.067580735104249195e-02 -2.527621279488520296e-03 2.579956170383186642e-02 7.380930214420881874e-02 5.751946839200730577e-03 2.232212432126984628e-02 -8.290971703030317400e-03 5.637889134982692479e-02 -6.504700613917231700e-02 -5.140955555730012359e-04 -3.423353402847816723e-02 5.101606788748611412e-03 4.385325295290091671e-03 -1.178505839523327769e-02 0.000000000000000000e+00 -3.849459537710335499e-02 2.863730760214828683e-04 7.377699859440885188e-02 -7.834228990982344820e-02 2.823410922052372110e-02
1.347841900790388014e-01 -1.228481425502905566e-01 -5.956258529359909071e-02 -8.004848874582960738e-02 -5.651769689944453889e-02 8.730481633411227294e-02 1.017807829261025213e-02 -6.215008361174172158e-02 7.488569691050901873e-03 -3.060851366531362056e-02 9.178121350093206010e-02 -1.298262533841425086e-02 1.143894474453137633e-01 -7.531839161988775067e-02 2.432764811819993767e-01 0.000000000000000000e+00 1.070453484468117666e-01 -5.755727202871174092e-02 -8.519412924052055525e-02 -9.335452456547667366e-02
-3.085697686058130190e-02 -7.166975721321225401e-02 1.040994152984222459e-01 8.707211985573062038e-04 3.763005751117506209e-02 3.870764027471956109e-02 -6.788743805981048429e-02 1.660330972625080892e-01 -4.220459171325557923e-02 1.415931582657396215e-01 5.099299081958736518e-02 2.085217521533812290e-02 -3.658553233547926636e-02 1.263535253514260458e-02 7.684934239609407525e-02 -7.051006284665846391e-02 0.000000000000000000e+00 -1.267637363477091550e-01 -1.824248733402813460e-01 -1.331370751331288349e-01
-2.615613648307329314e-02 1.026690303969467061e-01 -3.553066960000361880e-03 2.131906479532478041e-02 -1.050526946681630200e-02 3.080409254074985108e-03 -3.054439710839653224e-02 -2.051733347491966480e-02 3.115850786960116733e-02 -8.107242068541530011e-02 5.317414865883035580e-02 6.377989368043404661e-02 -1.684671843810953140e-02 4.900827529975025632e-02 -9.505177438341419482e-02 -3.296809634472301631e-02 -2.158023369621266813e-02 0.000000000000000000e+00 -1.084476831984957854e-02 -3.535587431095456312e-02
-4.968648648060064454e-02 6.439599568900929161e-02 -1.377340204159727133e-01 -1.176447321868447603e-02 -3.314542465659801873e-02 9.533152591421614752e-02 2.793140516033182710e-02 -2.180060248820845370e-01 6.526402209245156516e-03 1.851901244039762945e-02 -3.856179589897357207e-02 4.636946380580612287e-02 5.198911507823751610e-02 -8.070380335282591189e-02 1.627615815927387632e-01 9.059793671464420536e-03 1.588311150409453532e-01 -9.955108326426763410e-02 0.000000000000000000e+00 3.367525178892255555e-02
1.263307691273842237e-01 1.672143673568988673e-02 -1.138163718734033214e-01 -7.863106409441521227e-02 3.063863475122930585e-02 1.192795475220484111e-02 4.124692860549596107e-03 -7.808795887916648859e-02 -7.091842603049108851e-02 -7.643580107745635843e-02 -6.684455605466359251e-02 1.272809564000888516e-01 -4.184622958695868172e-02 3.812580577526103465e-02 -8.222232407823987232e-02 5.214915914492344873e-02 -1.992987336217531269e-01 6.882417128556005126e-02 -6.529839564174006947e-03 0.000000000000000000e+00
