1.632337185590799322e+01
1.195786675850443359e+01
6.872338146675144088e+00
9.687520677380742740e+00
1.256778754551491950e+01
1.510773512025301457e+01
1.655224934468138187e+01
6.955036714315314228e+00
5.343726969835726592e+00
1.278623483317984189e+01
1.714983065993624223e+01
5.189056505448144563e+00
1.508704766980600986e+01
1.530212339985487802e+01
1.173870130379956400e+01
1.872183030112901392e+01
1.466541627135489456e+01
5.078597564771987649e+00
1.226642668271563252e+01
1.788976709146400168e+01
