0.000000 0.010420 0.058482 0.114467 0.096423 -0.050484 0.044719 0.031934 -0.048052 0.022721 -0.012593 0.085139 0.046454 -0.014929 0.013242 0.030931 0.082414 -0.017896 0.003228 -0.035529
-0.136219 0.000000 0.051938 -0.097853 0.102674 -0.048636 -0.012057 -0.011701 0.059574 0.080239 -0.026415 0.027392 -0.064586 -0.112045 -0.033095 0.012950 0.036053 0.088273 0.002718 -0.010682
-0.041850 -0.077783 0.000000 0.097354 -0.017956 -0.005591 -0.080114 0.049205 -0.105002 -0.022643 -0.054127 0.026731 -0.034655 -0.054353 0.014816 0.006216 -0.012288 0.006677 -0.039250 -0.024611
-0.030318 -0.009849 -0.041527 0.000000 0.026597 -0.018942 -0.067277 0.019195 -0.050670 -0.009406 0.032424 0.012741 0.053436 -0.052113 0.039400 -0.036814 -0.047442 -0.028603 -0.007719 -0.001636
-0.053711 0.019676 -0.004995 -0.099123 0.000000 0.083162 0.051600 -0.007533 -0.025025 0.067401 -0.031238 0.043786 -0.001956 0.050646 0.000407 0.042824 0.014291 0.093838 0.014227 0.047559
0.100105 -0.068315 -0.075436 0.049902 -0.090563 0.000000 -0.040654 -0.077734 0.118255 0.076508 0.128476 0.026191 -0.007568 0.089060 -0.044868 0.036349 0.067316 -0.027734 0.070479 0.085655
0.019587 -0.062163 0.020386 0.087240 -0.035132 0.009190 0.000000 0.106881 0.004900 0.011262 -0.041536 0.045659 -0.042696 0.002491 -0.039687 0.032390 0.038510 -0.042203 0.007532 -0.058863
-0.083176 0.005290 -0.006380 0.009856 0.101348 0.073602 -0.038895 0.000000 -0.074878 0.000561 -0.006424 0.098756 -0.059345 -0.016620 -0.017909 -0.026413 0.069979 -0.036265 -0.046515 -0.005442
-0.033651 0.090002 0.052363 -0.001693 -0.058078 0.008122 -0.055791 -0.099819 0.000000 0.010220 0.050875 0.020319 0.017747 -0.041568 -0.047826 0.032906 -0.041978 -0.033117 -0.005065 -0.004900
-0.009139 -0.055793 -0.040712 -0.158421 0.039716 -0.075287 -0.047765 -0.000376 -0.043956 0.000000 -0.090125 -0.005180 0.000875 -0.067633 0.032994 -0.006609 0.042730 0.050144 0.127451 0.084192
-0.023750 -0.014740 0.072000 0.030299 0.027209 -0.081247 0.004236 -0.028669 -0.016177 -0.034132 0.000000 0.003627 0.042671 -0.034067 -0.038777 -0.019459 -0.015802 0.004013 0.104528 -0.006570
-0.054270 -0.024301 -0.035220 0.016217 -0.093909 0.002173 -0.002413 0.013226 -0.027676 -0.023151 -0.053445 0.000000 -0.052547 0.020802 -0.074282 0.029633 0.090954 -0.118714 0.017436 0.040681
-0.053908 -0.001377 -0.004126 0.001074 0.004592 -0.073938 0.060966 0.067973 -0.044323 -0.081619 0.014550 -0.011642 0.000000 -0.020896 0.042880 0.028215 -0.041129 -0.064480 -0.091735 -0.002932
-0.058013 -0.035619 -0.058452 -0.025648 -0.102736 -0.029838 0.028140 0.005009 0.009805 -0.008883 0.049374 -0.172573 0.102578 0.000000 -0.028276 -0.049576 -0.005438 0.015816 -0.108766 0.101423
-0.033813 0.071784 -0.049475 0.036741 0.046119 0.011559 -0.070903 0.050123 0.036939 0.067914 -0.024502 -0.003904 0.110447 -0.082894 0.000000 0.060206 -0.005588 0.031287 -0.023525 0.028008
-0.084198 0.107423 0.003130 -0.072266 0.029046 -0.015814 -0.072755 -0.100712 0.053589 0.003953 -0.014961 0.055799 -0.079566 -0.041383 -0.031355 0.000000 -0.004559 0.002851 0.011487 -0.002676
-0.035268 -0.045653 0.007305 -0.066114 -0.032060 -0.032600 -0.011160 0.087383 -0.037558 0.017689 0.033242 -0.040473 -0.001494 -0.061121 -0.120536 0.002012 0.000000 0.022674 -0.011714 0.062897
0.073185 -0.008233 -0.032209 -0.062534 -0.001365 -0.021864 0.001137 -0.010044 0.039449 0.005538 -0.038716 -0.064126 0.068457 -0.025289 -0.002483 -0.031301 -0.106416 0.000000 -0.025473 0.011059
0.019863 0.005812 0.050685 0.034822 0.006717 -0.004070 -0.010613 -0.018758 -0.014351 -0.059970 0.031096 -0.041139 0.037636 -0.021631 0.003619 0.028451 0.035311 -0.074119 0.000000 0.035088
-0.075766 0.050122 -0.098476 -0.107335 -0.000839 -0.088171 -0.041826 -0.102337 0.107891 -0.000132 0.030566 -0.037693 -0.009032 -0.097392 -0.026731 -0.042707 0.016024 0.070404 0.101473 0.000000
