0.000000 0.089478 0.218852 0.501079 0.417599 -0.218526 0.212446 -0.033845 -0.023080 0.091813 0.032209 0.325185 0.170173 0.027207 0.099251 0.074612 0.334086 -0.045875 0.070004 -0.190982
-0.570866 0.000000 0.193294 -0.165953 0.507533 -0.325206 0.010232 -0.041856 0.342740 0.328559 0.034647 0.084560 -0.198515 -0.442920 -0.077796 0.034961 0.275101 0.268860 -0.086609 -0.067597
-0.234464 -0.317526 0.000000 0.436207 -0.113962 -0.097956 -0.280134 0.173852 -0.360879 -0.047570 -0.200232 0.086514 -0.114220 -0.263997 -0.006302 0.095778 0.014874 0.067635 -0.141839 -0.081111
-0.150367 -0.080399 -0.181825 0.000000 0.039674 -0.089841 -0.364523 0.103481 -0.202878 0.011615 0.163030 0.028841 0.254778 -0.276115 0.089966 -0.153128 -0.194716 -0.129435 -0.069665 0.012559
-0.260535 0.201431 0.104125 -0.343515 0.000000 0.423934 0.263583 -0.040232 -0.239428 0.235783 -0.090153 0.273347 0.046572 0.218383 0.079686 0.157995 0.002348 0.399333 0.028378 0.089888
0.421085 -0.301368 -0.284089 0.216764 -0.262318 0.000000 -0.092488 -0.167136 0.429983 0.331053 0.417599 0.202598 -0.192576 0.427104 -0.059927 0.179435 0.211812 -0.034661 0.137312 0.206212
0.084171 -0.245833 0.066688 0.296589 -0.155310 -0.033459 0.000000 0.413508 0.150330 0.091111 -0.172158 0.120580 -0.150785 0.007118 -0.142180 0.151255 0.128930 -0.046577 0.088550 -0.244416
-0.333455 0.098251 0.037269 0.141997 0.532887 0.211192 -0.204113 0.000000 -0.294246 -0.103213 -0.015259 0.383115 -0.166532 -0.184797 -0.022015 -0.148358 0.251923 -0.241480 -0.256582 -0.097900
-0.111363 0.431456 0.212297 0.019577 -0.274016 0.188805 -0.223655 -0.345421 0.000000 0.070871 0.205910 0.071270 0.191593 -0.145574 -0.231264 0.152409 -0.179648 -0.154188 -0.101860 0.003908
-0.079155 -0.307448 -0.143917 -0.497168 0.139806 -0.358231 -0.246948 0.011664 -0.165371 0.000000 -0.289092 0.059714 -0.008784 -0.261194 0.117008 -0.038359 0.172578 0.184141 0.483714 0.298857
-0.082552 -0.053527 0.245891 0.146521 0.143138 -0.361562 -0.005439 -0.165029 0.062593 -0.021947 0.000000 0.070932 0.175828 -0.104294 -0.211185 -0.091690 -0.003806 0.084781 0.505197 -0.009449
-0.213756 -0.077364 -0.103663 0.107663 -0.344533 0.014146 0.034996 0.051917 -0.133564 -0.053201 -0.318430 0.000000 -0.121388 0.093032 -0.258530 0.174681 0.334177 -0.462863 0.095314 0.151361
-0.142535 -0.088833 -0.029713 -0.066588 -0.069097 -0.374766 0.257669 0.241410 -0.181874 -0.327902 0.116514 -0.128750 0.000000 -0.071404 0.154633 0.155351 -0.162249 -0.309330 -0.353956 0.136485
-0.265837 -0.113328 -0.133340 -0.011754 -0.432965 0.042212 0.117146 0.019772 -0.069516 0.021779 0.089229 -0.619971 0.437355 0.000000 -0.145883 -0.087420 0.110404 -0.025962 -0.454075 0.461635
-0.024718 0.228118 -0.154747 0.343544 0.064028 0.136142 -0.233726 0.270820 0.154248 0.291102 -0.140445 -0.107561 0.515171 -0.237027 0.000000 0.254217 0.021852 0.130352 -0.089320 0.082747
-0.292148 0.370769 -0.026422 -0.152092 0.149008 -0.103020 -0.298349 -0.301135 0.155132 -0.035682 -0.029897 0.240991 -0.251966 -0.163385 -0.086062 0.000000 -0.009430 -0.064150 -0.013780 -0.023994
-0.160908 -0.181791 0.061384 -0.199215 -0.258793 -0.069831 -0.035255 0.504619 -0.157576 0.210920 0.167076 -0.265856 0.172905 -0.264724 -0.594609 0.135577 0.000000 0.100832 -0.152949 0.371087
0.238926 -0.101380 -0.153805 -0.271476 -0.098593 -0.062689 -0.081548 0.035040 0.129361 0.078185 -0.170868 -0.321500 0.305119 -0.154166 -0.145857 -0.116541 -0.412123 0.000000 -0.107254 0.138716
0.156180 0.000843 0.208368 0.076018 -0.003507 0.035985 -0.042631 -0.088291 -0.059867 -0.252231 0.062709 -0.222069 0.188194 -0.055781 0.011067 0.110425 0.143849 -0.351202 0.000000 0.196814
-0.379708 0.086599 -0.504359 -0.228639 0.008638 -0.370453 -0.220367 -0.329112 0.368534 0.036722 0.126850 -0.049792 -0.079030 -0.361455 -0.065257 -0.170275 0.191838 0.255158 0.327937 0.000000
