0.000000000000000000e+00 -7.612517270299525886e-03 -9.508961715626002009e-02 8.793504710860726437e-02 -1.305266871606732548e-01 -4.410144651667865373e-02 2.697172980889384324e-03 -8.072812428702946796e-02 -3.788537966015470548e-02 -2.892262883361279915e-02 9.778315327033307650e-03 1.428654923591355652e-01 2.378954890943174583e-02 -5.945557885942259063e-02 2.925165354042017635e-02 -4.577553482066167023e-02 -5.648025179719697725e-02 7.568369013865203221e-02 -8.942308206586492558e-02 3.010176457226447500e-02
-1.244336502512788725e-02 0.000000000000000000e+00 2.006133832102049638e-02 -4.960788984752659975e-02 -2.529836207957009489e-02 -3.653917379649756353e-02 -3.733882122605564069e-02 -6.772690263043923409e-02 -7.652684524751345030e-02 -2.323412194660754489e-03 -9.076296429578484953e-03 1.046511444325010920e-01 -1.309591411978459352e-01 6.974141658022219720e-03 3.643594092413821733e-02 6.625624058792407844e-02 1.334669366960853677e-02 -3.229710031545041105e-02 -2.420654863930054093e-02 -2.901982915648919424e-04
-2.120621822347786359e-02 2.984318690508046268e-02 0.000000000000000000e+00 1.004455603106961387e-01 8.011251736442991100e-02 -2.992859295838809844e-02 1.010306695278966917e-02 4.173089514397987365e-03 -2.965370480149093213e-02 -2.088216421459937206e-03 3.337912021175038629e-02 -1.548083656727949377e-02 -4.326365332801834079e-02 -1.371770304108240954e-02 -5.860955929790950120e-03 8.638094968224765968e-02 -5.271343298975472019e-02 1.615199415435432731e-02 2.136972735292513165e-02 -1.295678440828775535e-01
-5.874712205703448882e-03 -1.160304739959704644e-02 -1.867259671018652338e-03 0.000000000000000000e+00 -1.246106987603261412e-01 -2.009227493982307464e-03 -8.317018739964932017e-02 -7.014993942482529443e-02 5.345603826996356278e-02 2.134134574107773852e-02 -5.131220879170872440e-02 3.716869939731877459e-02 -4.468423673669501966e-02 -1.924978703193032164e-03 -7.141390139256970082e-02 6.615842426597695614e-02 -1.424013554696288431e-01 -7.180377789364022871e-03 8.905365239253023799e-03 -9.301394278613620004e-02
-3.419956064613993013e-02 1.491728261232701074e-02 3.901534490215260997e-02 3.711099478524796519e-02 0.000000000000000000e+00 -6.388465395745838993e-02 5.330774402448415494e-02 6.576234378067756514e-02 7.530313969847200230e-03 -2.059643041768785370e-03 4.107860334557740197e-04 1.082649794829416111e-02 -2.123887617614039422e-02 5.287896404781743803e-02 -9.724064971478837971e-02 6.089586313915863053e-02 1.874492357567883807e-02 -2.745492453864180706e-04 6.361715959374776574e-02 -1.154267258036746485e-01
6.955536679508415865e-02 -8.968551406773545356e-04 -7.763692722851042727e-02 2.406352331410830520e-02 -2.883665343837696696e-02 0.000000000000000000e+00 1.011865914491296703e-01 1.244068044950361052e-02 -2.970166569004378809e-02 -6.480622251965685587e-02 -2.938162428884089419e-02 -1.514312504298976313e-02 -5.036831527087715088e-02 -4.871617864621601707e-02 -1.398546588399589112e-03 -2.761103941275020943e-02 -4.686042112287912287e-02 -5.437634514218667170e-02 1.396851806733126755e-01 -5.999319826950147427e-02
-4.326865719782382880e-02 1.538614954172343348e-02 -1.018990718872379853e-02 2.021441890693446986e-02 2.426380263333187057e-02 5.398407338091477242e-02 0.000000000000000000e+00 -3.736806866703598629e-02 5.094894300159834299e-02 -9.851276404789227614e-02 -1.951394201626711206e-02 -4.289283513582742291e-02 -5.654769076206610928e-02 5.300931315479914807e-02 -4.078278616506108602e-03 3.733868097730455582e-02 -7.600815462710602821e-02 2.399467055100754434e-02 2.639640026812430443e-02 -4.530917578412310426e-04
-6.804502313279413295e-02 -1.372258151269949329e-02 -7.225968401444621270e-02 -1.102718902065946416e-01 2.151686772712746720e-01 5.919389369196877831e-02 1.291521660227271939e-01 0.000000000000000000e+00 3.831857974948752604e-02 2.978188680679260542e-02 6.036869170868387757e-02 -3.238907589581047769e-02 -3.657345497939080373e-03 -9.351642939378106145e-02 1.394502862508434707e-02 3.369732750686189188e-02 6.986094355789215782e-02 -3.841151751756576721e-02 1.276211941381125980e-01 -2.306589678733849194e-02
-6.983634531960052072e-02 4.454999629532118560e-02 -1.662018392973032763e-02 -7.274816383320044377e-02 2.968245791183787147e-02 5.079317115661927812e-02 2.738504291552608383e-02 3.187549601108043834e-02 0.000000000000000000e+00 3.532333124209954128e-02 8.189965388024700310e-02 -1.097016582695310716e-01 4.311742313075673377e-03 4.732845609550100086e-02 -1.194567637940263660e-02 -3.427199601237386484e-02 5.924307246321973419e-02 -3.032286791502862566e-02 9.348612266417338779e-03 5.998858817882565114e-02
8.251965888293383289e-02 3.639221885642034832e-02 -3.331636681360702207e-02 3.483029601051208096e-02 3.695862411479394760e-02 1.221997866101534602e-02 -7.154923178162356234e-02 4.628252400444183255e-03 1.472270555092840966e-02 0.000000000000000000e+00 6.404686282868783664e-02 5.589371047367469592e-02 -7.761296348269219880e-02 -5.096884891036190107e-02 -6.771982513956012473e-02 9.529930518403119388e-02 -1.685940102411003861e-03 2.661343999299852978e-02 5.229959890075955298e-02 -3.432401934518853476e-02
-6.989750265615556069e-02 -2.908070425229143663e-02 1.219591583433217961e-02 7.517301284665971195e-02 6.500015798440171577e-02 -5.026580672341106337e-02 2.546002193488684437e-02 5.352213279382132122e-02 -2.401130201260661887e-02 3.245060810279399048e-04 0.000000000000000000e+00 1.611167972490841135e-02 -1.872921088928233835e-02 -6.629773693060002360e-02 -5.081544304448479266e-02 3.303252377161653569e-02 -4.677322197373542240e-02 7.871877420275117873e-03 3.182095530175997611e-02 -5.897984189211829403e-02
-4.557121886853866821e-02 9.449855022866410215e-02 2.668578991078130597e-02 -3.070729121894317029e-02 2.758949702423675945e-02 -5.515754150269396028e-02 3.226196222165291644e-02 2.315712171492731106e-02 5.713298114474312656e-02 4.367380650486415300e-02 1.696556976392690416e-02 0.000000000000000000e+00 -1.583600694211344598e-02 -1.643308571175005825e-02 -5.144716592314470260e-02 -8.471253672035864227e-03 -1.095759784087445982e-01 8.588928654453555078e-02 -9.839283359599378109e-02 1.125302088935258189e-02
-7.378539739631091721e-02 -8.628114297485534046e-02 1.863146786499116081e-02 -3.631250721632531958e-02 6.896541385998922018e-03 4.043542733635098474e-02 3.967037243547889727e-04 5.317768917816283886e-02 3.915592833884762314e-02 -1.755898010259802217e-02 -5.046754086854413936e-03 1.553555880590170527e-03 0.000000000000000000e+00 3.474375966307562125e-02 -1.132475163045301852e-01 -7.999770815820209796e-03 3.558639201525248819e-02 -4.316919780300020569e-03 3.215768632087047385e-02 1.065263882023754910e-01
7.146449128397096805e-03 4.873792158934094759e-02 -2.735180734908129394e-02 -6.601987982173050662e-02 -3.386874361933658178e-02 -4.829404804093045261e-02 6.260646762388536119e-04 -4.799055119994455332e-02 -1.880125996393796142e-02 -7.728095010200766724e-02 -1.013492345691933139e-01 -4.076136601173584173e-02 -3.428016679366324010e-02 0.000000000000000000e+00 1.435745538218275059e-02 -4.460865419461327447e-02 7.298194477742904474e-02 7.212793279373456989e-02 6.102779595777459501e-03 2.939733199641340194e-02
8.823630747888439041e-02 -1.197936299487873391e-01 -1.070647543259461154e-01 5.005427018245528492e-02 -4.678682766024604839e-02 -9.835875766408727280e-03 -3.342954870814245083e-02 -8.473076325316895863e-02 -4.312456732823149314e-02 4.808999759109976180e-02 4.143742405962488884e-02 -6.643478436816561625e-03 1.082116466756822687e-01 -5.985806901489056087e-02 0.000000000000000000e+00 4.909388433112088501e-03 -7.070477415021879375e-02 -1.820048829292661083e-02 -2.006132700376790992e-02 -5.464112617050541007e-03
4.261803379680074305e-02 3.643598222934784497e-02 -6.852605628203514709e-02 -4.646831792140030531e-02 9.384147605253684646e-03 -1.216609880264646684e-02 -4.318170437817393792e-02 2.347200633777418374e-02 3.105641601495945023e-02 -4.314402174614895974e-02 3.221186747147782026e-02 -8.982854458196928849e-02 -9.800065744631525355e-02 1.047810639988660565e-02 -2.759836314015815320e-02 0.000000000000000000e+00 2.616391167430875270e-02 -4.861756730218960709e-02 2.257949671901052224e-02 -7.963949325230261500e-02
-1.068700078356745950e-02 1.240066633052434170e-01 4.664955665704196745e-05 -7.977511120625838115e-02 4.901503760247727381e-02 3.036848920430307991e-02 6.391107744711234384e-02 3.736209765098926806e-03 -5.384283683435873297e-02 4.710743934687759010e-02 3.860527743381118870e-02 -6.431048331275637797e-02 1.394260605311941834e-02 -1.261310530880706965e-02 5.456893922970492555e-02 6.744585532348923614e-03 0.000000000000000000e+00 -6.953820110307658287e-03 4.950322253085043256e-02 9.670787782531026222e-03
-2.934410601623300280e-02 -2.458581105986573992e-02 2.409387185633756270e-02 2.737814153020770580e-02 9.424845376989955670e-02 3.078742612136605231e-02 5.592262405440395767e-02 9.533735828878783791e-02 4.054013311233622616e-03 3.622535154370629118e-02 -1.380231567181446420e-02 1.941382685701888502e-02 8.963152312714924019e-02 2.973937279465364847e-02 5.257894129020336538e-02 -2.547085268177920123e-02 -7.765359966873677799e-02 0.000000000000000000e+00 -4.138516898318722603e-02 1.150799163289027149e-01
5.192800225935957636e-02 -8.223682942292573350e-02 -2.688922079183225095e-02 -2.003653772257629057e-02 2.023948473179668084e-02 2.673880569183022769e-03 7.685637657158340963e-02 6.609093133308739654e-02 -1.300875740114426291e-02 -6.308756345735658244e-02 4.649437049502514602e-02 -4.769131456458053885e-03 7.747625092795019930e-02 -1.463277764653391844e-03 4.344199525962473551e-02 1.278859154076611090e-02 -1.216440227997939681e-02 -1.384442527622931074e-02 0.000000000000000000e+00 1.219128737040706401e-01
4.676570914401229073e-02 -1.604816065149541893e-02 7.799496677509944360e-03 2.446790345354190807e-02 -7.371461248195761151e-02 2.331922457206409179e-03 7.206321279499726395e-02 -3.910834656428990169e-02 -5.904755168300930557e-02 -2.994105252488865479e-04 7.924259254448805245e-02 5.247431021222802305e-02 4.158979362670448682e-02 9.964652574295035370e-02 6.710651689461903657e-02 3.925780589283366789e-02 -4.081772006908190864e-02 3.283122666755711183e-02 -7.482283406104917219e-03 0.000000000000000000e+00
