4.706184574437524581e+00
3.673422607358313829e+00
3.967954116519221586e+00
4.497414238316375545e+00
2.599652561819375762e+00
2.381762772546025531e+00
4.314317321845280162e+00
3.296865656523150445e+00
3.155846692654806773e+00
4.350930110183471200e+00
4.356594862963341974e+00
2.488425818377106857e+00
2.345339995492039975e+00
2.997564646910977348e+00
3.804720348426132048e+00
2.816703503887755033e+01
2.422315832157657312e+01
2.136005849250655331e+01
2.936769410943770353e+01
2.781126700285821940e+01
2.661217913403057267e+01
2.813442613480314236e+01
1.617532862741644095e+01
1.547938084280588100e+01
2.559363687528223608e+01
2.329455234522423979e+01
2.782901234366535803e+01
2.931161209654678856e+01
2.212464188916369778e+01
2.322251103564417463e+01
2.601788030466876478e+01
2.307947784467387464e+01
2.617671240606728844e+01
2.367758176184355889e+01
1.764226132428897387e+01
2.636203950054941458e+01
2.922354494082911458e+01
2.816611829060765260e+01
2.783273000708677358e+01
1.952141324838605385e+01
1.664507114129478538e+01
2.859099093266113556e+01
2.879969928193779083e+01
2.125928788512943513e+01
1.544093475530843307e+01
1.504188218863822257e+01
1.549108765290680978e+01
1.673793075436387312e+01
2.771744425003551981e+01
2.071471318592215738e+01
